00100100000111010011111111111100
00100100000001000000000000000100
00001100000000000000000000001001
00000000000000100001100000100001
00100100000001000000000000001010
00001100000000000000000000001001
00000000011000100001100000100000
00100100000010010000000000000001
00001100000000000000000000100101
00100000000000010000000000000001
00000000001001000000100000101010
00010100001000000000000000000101
00010000100000000000000000000010
00100100000000100000000000000001
00000011111000000000000000001000
00100100000000100000000000000000
00000011111000000000000000001000
00100011101111011111111111111000
10101111101111110000000000000100
10101111101001000000000000000000
00100000100001001111111111111111
00001100000000000000000000001001
10001111101111110000000000000100
10001111101001000000000000000000
00100011101111010000000000001000
00100011101111011111111111110100
10101111101111110000000000001000
10101111101001000000000000000100
10101111101000100000000000000000
00100000100001001111111111111110
00001100000000000000000000001001
10001111101111110000000000001000
10001111101001000000000000000100
10001111101010000000000000000000
00100011101111010000000000001100
00000000010010000001000000100000
00000011111000000000000000001000
00001100000000000000000000100101
