position, torque
-53,133
-53,133
-53,133
-52,133
-53,133
-53,133
-53,133
-53,134
-53,133
-53,133
-53,133
-53,133
-53,134
-53,133
-53,133
-53,134
-53,133
-53,133
-53,134
-53,133
-53,133
-53,134
-53,133
-53,133
-53,133
-53,133
-53,133
-53,133
-53,133
-53,133
-53,133
-53,133
-53,133
-53,133
-53,133
-53,133
-54,133
-54,133
-53,133
-53,133
-53,133
-53,133
-53,133
-53,133
-53,134
-54,133
-54,133
-53,133
-54,133
-54,133
-53,133
-53,133
-53,134
-53,133
-53,133
-53,133
-53,133
-53,133
-53,133
-53,134
-53,133
-53,133
-53,133
-53,133
-53,133
-53,133
-53,133
-54,133
-53,133
-53,133
-53,133
-53,133
-53,134
-53,133
-53,133
-53,133
-53,133
-53,133
-53,133
-53,134
-53,133
-53,133
-54,134
-53,133
-53,134
-53,133
-53,134
-53,133
-53,133
-53,133
-54,133
-53,133
-53,133
-53,133
-53,133
-53,133
-53,133
-53,133
-53,133
-53,133
-53,134
-53,133
-53,133
-53,133
-53,133
-53,134
-53,133
-53,133
-53,133
-52,133
-53,133
-53,133
-53,133
-52,133
-53,133
-53,133
-53,133
-53,134
-53,133
-53,133
-53,133
-53,133
-53,134
-53,133
-53,134
-53,133
-53,133
-53,134
-53,134
-53,133
-53,134
-53,133
-53,133
-53,134
-53,133
-53,133
-53,133
-53,133
-53,133
-53,133
-53,134
-53,134
-53,133
-53,133
-53,134
-53,133
-53,133
-53,133
-53,133
-53,134
-53,133
-53,134
-53,134
-53,134
-53,133
-53,133
-53,133
-53,133
-53,133
-53,134
-53,133
-53,134
-53,133
-53,133
-54,134
-53,133
-53,133
-53,133
-53,133
-53,133
-53,133
-53,133
-53,133
-53,133
-53,133
-53,133
-53,133
-53,133
-53,133
-53,133
-53,134
-53,133
-52,132
-54,133
-53,134
-53,134
-53,133
-53,133
-53,133
-53,133
-53,133
-53,133
-53,133
-53,133
-53,133
-53,133
-53,133
-53,134
-53,133
-53,134
-53,134
-53,133
-53,133
-53,133
-54,133
-53,133
-53,133
-53,133
-53,133
-53,133
-53,132
-53,133
-53,133
-53,133
-53,133
-53,133
-53,133
-53,133
-53,134
-53,133
-53,133
-53,133
-54,133
-53,133
-53,133
-53,134
-53,133
-53,134
-53,134
-53,133
-53,133
-53,134
-53,133
-53,133
-53,134
-53,133
-53,134
-53,133
-53,134
-53,134
-53,133
-53,133
-52,133
-53,133
-53,133
-53,133
-53,133
-53,133
-52,133
-52,133
-53,133
-52,133
-52,133
-53,133
-52,133
-53,134
-52,133
-52,133
-53,133
-53,133
-52,134
-52,133
-52,133
-53,133
-52,133
-53,133
-52,133
-52,133
-53,133
-53,133
-52,133
-53,134
-52,133
-52,134
-52,133
-53,133
-52,133
-52,133
-52,133
-53,133
-53,133
-52,133
-52,133
-52,133
-53,133
-52,134
-52,134
-52,133
-52,133
-52,134
-52,134
-52,133
-52,133
-52,133
-53,134
-53,133
-53,133
-52,133
-53,133
-52,133
-52,133
-53,133
-53,133
-54,133
-60,133
-70,132
-87,133
-114,132
-152,131
-199,131
-264,129
-336,128
-412,127
-564,126
-784,31
-972,38
-1067,530
-1133,495
-1217,795
-1343,36
-1488,115
-1623,68
-1743,24
-1874,37
-2164,551
-2413,502
-2536,889
-2703,475
-2917,416
-3094,336
-3208,792
-3372,431
-3553,298
-3703,202
-3741,664
-3740,546
-3727,274
-3661,206
-3462,768
-3253,791
-3107,327
-2839,214
-2568,32
-2437,525
-2370,329
-2348,485
-2336,300
-2324,232
-2304,175
-2267,433
-2209,273
-2123,172
-2034,147
-1962,591
-1861,278
-1793,151
-1727,132
-1639,755
-1520,318
-1364,177
-1211,128
-1106,721
-1007,249
-813,136
-514,431
-367,244
-230,394
-32,34
53,50
12,54
-32,55
-49,58
-49,59
-48,60
-48,61
-49,63
-49,64
-49,65
-48,67
-49,68
-49,69
-49,70
-48,70
-49,71
-49,72
-49,73
-49,73
-49,74
-49,75
-49,76
-49,76
-48,77
-49,78
-49,78
-49,79
-49,79
-49,80
-49,80
-49,81
-48,81
-49,82
-49,82
-49,82
-49,83
-49,83
-49,84
-49,84
-49,85
-49,85
-49,86
-49,86
-49,86
-49,87
-49,87
-48,88
-49,88
-50,88
-49,89
-48,89
-48,90
-49,90
-49,91
-49,91
-48,91
-48,91
-49,92
-49,92
-49,93
-49,93
-49,93
-49,94
-49,94
-49,95
-49,95
-48,96
-49,95
-49,96
-49,96
-49,97
-49,97
-48,97
-48,98
-49,98
-49,98
-49,98
-48,99
-49,99
-49,99
-49,100
-49,100
-49,100
-49,101
-49,101
-54,101
-88,101
-153,100
-236,99
-342,97
-460,96
-716,37
-978,504
-1111,683
-1281,594
-1490,536
-1700,510
-1851,32
-2125,42
-2404,541
-2539,488
-2704,664
-2870,446
-3001,301
-3082,246
-3131,802
-3151,350
-3152,248
-3152,183
-3152,752
-3141,411
-3108,230
-3046,173
-2934,767
-2760,562
-2593,234
-2473,159
-2295,727
-1965,647
-1747,223
-1491,142
-1180,710
-1003,653
-624,172
-350,76
-59,194
191,52
180,54
70,58
-68,67
-145,190
-82,499
-32,48
-74,323
-77,374
-64,30
-63,43
-64,49
-63,52
-64,56
-63,58
-64,61
-64,62
-64,64
-64,65
-63,66
-64,67
-64,68
-63,69
-64,70
-63,71
-64,72
-63,73
-63,73
-64,74
-64,75
-63,75
-63,76
-64,76
-64,77
-64,78
-63,78
-64,79
-64,79
-64,80
-63,80
-64,81
-64,81
-64,82
-64,82
-63,83
-64,83
-64,84
-63,84
-64,85
-64,85
-64,85
-63,86
-64,86
-63,87
-64,87
-65,88
-69,88
-82,88
-107,88
-145,88
-193,88
-260,87
-343,86
-445,40
-679,28
-969,616
-1114,554
-1286,455
-1541,689
-1745,626
-1921,570
-2292,154
-2495,508
-2693,894
-2920,585
-3087,412
-3188,273
-3292,687
-3426,447
-3531,300
-3547,197
-3546,531
-3526,731
-3452,363
-3321,781
-3205,194
-3094,682
-2896,790
-2785,348
-2467,180
-2214,608
-1841,757
-1611,339
-1257,163
-1021,553
-607,717
-313,266
56,45
233,62
188,56
22,59
-177,355
-170,192
-54,37
3,50
-59,55
-90,618
-45,48
-62,53
-68,29
-69,28
-69,45
-69,50
-69,54
-69,57
-69,59
-69,61
-69,63
-69,65
-69,66
-69,67
-69,68
-69,69
-69,70
-69,71
-69,72
-69,72
-69,73
-69,73
-69,74
-69,75
-69,75
-69,76
-70,77
-69,77
-69,78
-69,78
-69,79
-69,79
-69,80
-69,80
-69,81
-69,82
-69,82
-69,83
-69,83
-69,83
-69,84
-69,84
-69,85
-69,85
-69,86
-70,86
-75,86
-101,86
-151,86
-223,85
-324,84
-446,31
-702,29
-988,557
-1124,522
-1320,905
-1611,33
-1811,84
-2154,56
-2471,669
-2689,536
-2928,443
-3086,345
-3166,655
-3207,246
-3225,676
-3225,415
-3202,158
-3154,161
-3115,739
-3063,399
-2994,881
-2770,126
-2580,747
-2454,335
-2253,160
-1912,126
-1746,743
-1543,388
-1275,176
-1081,108
-874,717
-488,334
-299,124
-2,41
139,46
118,54
55,62
-28,59
-100,450
-77,269
-49,90
-55,92
-55,91
-55,89
-54,89
-55,89
-55,90
-55,90
-55,90
-54,91
-54,91
-55,91
-55,91
-55,92
-55,92
-54,93
-55,94
-55,93
-55,94
-55,94
-55,95
-54,95
-55,95
-55,96
-55,96
-55,96
-55,97
-55,97
-55,97
-55,98
-55,98
-55,98
-55,99
-55,99
-55,99
-55,100
-55,100
-55,101
-55,101
-55,101
-55,102
-55,101
-55,102
-55,102
-54,102
-55,103
-55,103
-55,103
-55,104
-55,104
-56,104
-68,104
-106,103
-173,103
-261,102
-360,100
-486,27
-790,34
-1027,117
-1164,161
-1377,209
-1639,103
-1810,542
-2072,515
-2407,867
-2563,611
-2739,480
-2942,389
-3088,839
-3173,511
-3232,316
-3271,223
-3273,330
-3263,738
-3227,519
-3181,238
-3119,179
-3011,687
-2846,773
-2679,278
-2528,187
-2392,683
-2078,750
-1804,245
-1610,161
-1310,646
-1097,687
-879,244
-480,109
-280,581
37,40
186,142
126,139
60,134
-42,130
-114,645
-68,359
-46,46
-63,52
-64,40
-64,45
-63,50
-64,54
-64,57
-64,59
-64,61
-64,63
-64,64
-63,65
-63,67
-63,67
-64,68
-63,70
-64,71
-64,72
-63,72
-64,73
-63,74
-64,74
-64,75
-63,75
-63,76
-64,77
-64,78
-64,78
-64,79
-64,79
-64,79
-64,80
-63,81
-64,81
-64,81
-64,82
-63,82
-63,83
-64,84
-63,84
-63,84
-63,85
-64,85
-64,86
-64,86
-64,87
-63,87
-64,87
-65,88
-74,88
-103,88
-159,87
-234,87
-332,85
-457,34
-736,31
-1013,131
-1165,176
-1409,108
-1695,109
-1899,541
-2328,507
-2547,558
-2818,481
-3078,789
-3209,569
-3367,366
-3462,233
-3513,512
-3512,530
-3483,304
-3407,177
-3284,517
-3175,226
-3042,176
-2742,699
-2484,434
-2208,168
-1832,117
-1607,232
-1279,137
-1067,683
-779,546
-415,327
-179,707
126,56
190,120
102,110
-1,110
-115,513
-83,229
-27,43
-54,54
-68,55
-64,34
-64,39
-64,48
-64,52
-64,56
-64,58
-64,60
-64,62
-64,64
-63,65
-64,66
-64,67
-64,68
-64,69
-64,70
-64,71
-64,72
-64,73
-64,73
-65,74
-64,75
-65,75
-64,76
-64,77
-64,77
-64,78
-64,78
-64,79
-64,79
-64,80
-64,80
-64,81
-64,81
-64,82
-64,82
-64,83
-64,83
-64,84
-64,84
-64,85
-64,85
-64,85
-64,86
-64,86
-65,87
-64,87
-64,88
-64,88
-64,88
-64,89
-65,89
-73,89
-99,89
-146,89
-209,89
-299,87
-397,37
-580,38
-898,504
-1081,687
-1304,596
-1514,535
-1752,511
-2001,703
-2385,582
-2560,514
-2796,896
-2891,476
-2966,348
-3022,269
-3046,695
-3046,373
-3035,229
-3000,158
-2934,744
-2840,451
-2731,224
-2622,147
-2533,729
-2442,420
-2287,224
-1988,123
-1774,675
-1487,294
-1182,178
-1017,103
-690,695
-404,79
-212,566
70,48
116,48
69,56
-10,59
-98,751
-84,323
-54,65
-64,563
-62,40
-62,48
-62,54
-62,57
-62,60
-63,62
-62,63
-62,65
-62,66
-62,67
-63,68
-62,69
-62,70
-62,71
-62,72
-62,72
-62,73
-62,74
-61,74
-62,75
-63,76
-62,76
-62,77
-62,77
-62,78
-61,78
-62,79
-62,79
-62,80
-62,80
-62,81
-62,82
-63,82
-62,83
-62,83
-63,83
-62,84
-62,84
-63,85
-62,85
-62,86
-62,86
-62,86
-62,87
-62,88
-64,88
-85,88
-138,87
-215,87
-318,85
-428,30
-664,30
-980,77
-1129,80
-1323,81
-1608,36
-1807,72
-2149,82
-2458,869
-2664,507
-2922,462
-3110,354
-3201,559
-3277,388
-3309,759
-3297,434
-3251,221
-3198,143
-3141,702
-3053,691
-2887,252
-2686,751
-2523,347
-2387,186
-2074,131
-1808,711
-1620,399
-1325,688
-1119,725
-946,204
-587,123
-354,260
-122,131
121,50
114,54
42,62
-65,58
-113,314
-55,40
-50,51
-68,24
-68,29
-68,43
-68,49
-68,53
-68,56
-68,59
-68,61
-68,63
-68,64
-68,65
-68,67
-68,67
-68,69
-68,69
-68,70
-68,71
-68,72
-68,73
-68,73
-68,74
-68,75
-68,75
-69,76
-68,77
-69,77
-68,78
-68,78
-68,79
-68,79
-68,80
-64,81
-42,81
-2,82
58,84
131,86
252,88
360,90
544,94
820,101
993,224
1007,102
1042,105
1100,115
1172,111
1249,117
1321,121
1362,129
1394,129
1447,143
1519,154
1632,173
1727,114
2038,121
2435,143
2842,157
3136,152
3429,162
3745,160
3878,160
3999,154
4111,164
4137,162
4090,162
3993,161
3869,157
3702,116
3398,111
3251,124
3181,130
3130,134
3079,140
3019,141
2909,144
2774,147
2591,150
2451,145
2294,148
1913,149
1690,151
1357,127
1076,115
974,127
872,138
733,139
589,143
467,144
391,138
343,139
325,130
325,127
325,124
324,123
325,123
325,123
325,123
325,124
326,123
325,124
325,124
325,124
325,124
325,124
325,123
325,124
325,124
325,124
325,124
326,124
325,125
325,124
325,125
326,125
325,125
325,125
325,124
325,125
325,125
325,125
325,125
325,125
325,126
326,125
325,125
325,125
325,125
325,126
325,126
325,126
325,126
325,126
325,126
326,126
326,126
344,128
383,130
466,132
673,140
905,142
1037,165
1160,170
1345,174
1508,172
1638,186
1712,185
1787,197
1890,197
2061,209
2211,206
2340,216
2418,215
2502,158
2725,141
3057,178
3353,182
3753,187
3917,182
4078,177
4183,170
4192,172
4189,177
4104,170
3948,164
3796,156
3457,156
3127,158
2855,121
2602,127
2495,140
2429,144
2365,148
2274,152
2100,154
1891,157
1755,158
1641,161
1425,165
1143,164
952,166
475,151
173,144
-280,899
-374,294
-327,174
-220,618
-50,31
36,51
-16,54
-89,394
-78,442
-55,109
-57,109
-58,108
-57,106
-57,106
-57,107
-57,107
-57,107
-57,107
-57,108
-58,108
-57,108
-57,108
-57,108
-57,108
-57,109
-58,109
-58,109
-58,110
-57,110
-57,110
-57,110
-57,110
-58,111
-57,111
-57,111
-57,111
-50,111
-25,113
19,114
77,115
177,116
267,119
366,121
552,123
834,127
1022,139
1181,151
1417,158
1617,164
1735,164
1886,171
2153,184
2345,188
2450,191
2558,194
2709,206
2838,204
2906,202
3009,132
3140,146
3354,161
3634,156
3789,165
3859,165
3903,164
3911,167
3910,172
3889,171
3817,161
3630,160
3253,148
3029,240
2543,114
2329,113
2061,129
1853,135
1760,146
1695,141
1624,149
1509,153
1368,158
1178,154
1036,157
832,158
453,151
251,148
-67,147
-296,455
-282,555
-200,244
-76,134
3,51
-45,55
-92,615
-69,68
-62,43
-62,48
-62,53
-62,56
-62,59
-62,61
-63,63
-62,64
-62,65
-63,67
-62,68
-63,68
-62,69
-62,70
-62,71
-62,72
-62,73
-63,74
-62,74
-62,75
-62,75
-62,76
-63,77
-63,77
-62,78
-62,78
-54,79
-19,80
41,82
121,84
254,86
374,89
615,94
926,99
1081,107
1275,231
1378,110
1497,100
1649,118
1755,125
1894,134
2126,136
2300,142
2391,150
2436,154
2478,159
2507,107
2655,110
2904,125
3082,133
3203,141
3368,141
3521,139
3562,136
3561,143
3557,150
3486,153
3306,145
3149,142
2937,143
2573,114
2329,109
1915,110
1733,118
1617,127
1470,126
1311,132
1168,137
1055,141
932,133
643,139
373,137
209,138
-93,75
-268,559
-251,427
-191,233
-110,171
-26,46
-41,55
-59,55
-59,57
-59,58
-59,61
-60,62
-59,63
-60,65
-59,66
-59,67
-59,68
-59,69
-60,70
-60,71
-59,72
-59,72
-60,73
-59,74
-60,75
-59,75
-60,76
-59,76
-60,77
-60,77
-59,78
-60,79
-59,79
-60,80
-60,80
-65,81
-96,81
-141,81
-194,81
-269,80
-356,79
-473,37
-726,28
-993,496
-1121,730
-1285,578
-1459,528
-1621,119
-1673,612
-1755,559
-1867,691
-2128,596
-2411,131
-2580,583
-2887,484
-3139,384
-3319,617
-3694,415
-3871,278
-3981,209
-4099,771
-4181,354
-4215,253
-4221,204
-4212,857
-4145,602
-4007,360
-3882,93
-3795,411
-3755,272
-3741,237
-3728,172
-3697,739
-3631,290
-3515,173
-3402,142
-3285,759
-3203,244
-3129,174
-3018,652
-2832,727
-2619,311
-2479,170
-2291,625
-1916,749
-1715,323
-1392,154
-1117,103
-884,345
-452,247
-211,112
133,46
227,129
137,122
37,118
-110,343
-139,240
-80,158
-41,49
-72,223
-73,29
-73,31
-73,45
-73,50
-73,54
-73,57
-73,60
-73,61
-73,63
-73,64
-74,66
-73,67
-73,68
-74,69
-73,70
-73,71
-73,72
-73,72
-73,73
-74,74
-73,74
-74,75
-74,76
-74,76
-74,77
-73,77
-73,78
-73,78
-73,79
-73,79
-73,80
-73,81
-77,81
-104,81
-160,81
-243,80
-352,78
-504,51
-891,27
-1105,102
-1355,124
-1689,181
-1904,73
-2336,590
-2543,549
-2811,480
-3081,887
-3226,476
-3443,360
-3704,262
-3814,751
-3839,401
-3832,236
-3808,173
-3729,731
-3517,631
-3271,242
-3127,176
-2908,734
-2621,770
-2452,278
-2149,167
-1802,677
-1430,684
-1089,192
-740,93
-363,680
-6,32
231,61
207,59
69,58
-146,171
-190,745
-101,325
8,49
-35,58
-92,338
-61,220
-53,52
-71,26
-70,32
-70,43
-71,49
-70,53
-70,56
-70,59
-70,61
-70,63
-70,64
-70,65
-70,66
-70,68
-70,69
-70,69
-70,70
-70,71
-70,72
-70,73
-70,73
-71,74
-70,75
-70,75
-69,76
-71,77
-70,77
-70,78
-71,78
-70,79
-70,79
-70,80
-70,81
-70,81
-70,81
-70,82
-70,83
-70,83
-73,83
-81,84
-115,83
-176,83
-259,82
-367,80
-570,76
-931,895
-1078,403
-1223,524
-1575,504
-1837,36
-2310,58
-2571,522
-2932,908
-3170,567
-3379,379
-3629,296
-3703,616
-3661,555
-3525,236
-3368,168
-3221,524
-3120,238
-2976,150
-2772,722
-2589,571
-2451,218
-2158,66
-1790,703
-1527,403
-1187,171
-1005,105
-630,693
-359,330
-87,118
-269,52
176,86
93,88
7,87
-97,197
-96,192
-45,56
-61,61
-71,39
-71,37
-71,47
-71,51
-71,55
-71,58
-71,60
-70,62
-71,63
-71,65
-71,66
-71,67
-71,68
-71,69
-71,70
-72,71
-71,71
-71,72
-71,73
-71,74
-71,74
-71,75
-71,76
-70,77
-71,77
-71,77
-71,78
-71,79
-72,79
-72,80
-71,80
-71,81
-74,81
-92,81
-141,81
-230,80
-348,78
-519,42
-928,45
-1154,103
-1486,109
-1773,132
-2092,179
-2449,550
-2624,498
-2880,900
-3073,543
-3165,361
-3207,228
-3213,656
-3202,415
-3176,203
-3131,391
-3067,249
-2976,161
-2834,676
-2699,551
-2563,139
-2458,757
-2278,406
-2346,697
-1749,515
-1535,245
-1272,139
-1084,333
-883,144
-497,507
-303,158
-22,28
133,52
102,56
19,63
-86,626
-92,319
-39,42
-59,52
-68,27
-69,27
-69,47
-68,51
-68,55
-68,58
-69,60
-69,62
-69,63
-69,65
-69,66
-68,67
-69,68
-69,69
-69,70
-69,71
-68,72
-69,72
-69,73
-69,74
-69,74
-69,75
-69,76
-69,77
-69,77
-69,78
-70,78
-69,79
-69,79
-69,80
-69,80
-69,81
-72,81
-90,81
-122,81
-173,81
-244,81
-344,79
-482,39
-823,36
-1070,504
-1283,102
-1593,509
-1805,24
-2162,37
-2476,496
-2715,529
-3045,439
-3234,822
-3516,474
-3776,309
-3832,193
-3783,679
-3586,449
-3244,144
-3037,64
-2585,263
-2319,100
-1786,62
-1326,643
-942,399
-357,232
189,84
375,87
386,73
283,76
-31,70
-325,352
-336,154
-207,667
98,50
223,152
181,139
5,130
-198,320
-245,28
-229,26
-186,757
-108,46
-31,53
-3,55
71,58
106,60
119,62
125,63
129,64
132,65
135,67
137,68
139,69
140,70
142,70
172,71
142,73
187,73
191,74
192,74
191,75
191,76
193,76
193,76
193,77
193,78
193,78
193,79
194,79
194,80
193,80
193,81
194,81
194,82
193,82
193,83
193,83
193,84
193,84
193,84
193,85
193,86
193,86
193,87
193,86
193,87
193,88
193,88
193,89
193,89
194,89
193,89
193,90
193,90
193,90
193,91
193,92
193,92
193,92
193,92
193,93
193,93
193,93
193,94
193,94
193,95
194,95
194,95
194,96
194,96
194,97
194,97
196,97
200,97
208,98
220,98
235,100
253,100
279,101
327,103
416,106
604,113
834,111
1002,126
1100,131
1197,125
1312,137
1424,142
1500,143
1597,156
1651,163
1693,165
1739,176
1779,181
1808,183
1851,124
2105,129
2369,151
2531,159
2749,161
2937,164
3101,166
3240,175
3531,193
3756,195
3872,197
3994,183
4169,208
4305,201
4424,138
4542,135
4817,165
5134,165
5266,159
5400,161
5605,176
5790,180
5902,181
6006,197
6165,201
6348,199
6478,202
6544,201
6575,151
6643,133
6842,154
7120,164
7300,164
7442,169
7703,179
7932,189
8052,193
8188,185
8304,179
8175,155
7955,137
7390,132
6954,135
6548,109
6092,112
5913,123
5697,124
5380,130
5202,131
4878,139
4563,134
4313,134
3902,135
3558,143
3123,137
2643,136
2219,139
1708,113
1339,113
1075,124
900,129
528,138
338,129
127,129
-172,663
-312,28
-345,22
-334,248
-298,338
-242,25
-164,97
-64,78
4,47
16,51
10,55
4,58
1,60
1,62
1,64
1,65
1,66
1,67
-1,68
-2,69
-3,70
-3,71
-3,72
-3,72
-3,73
-3,74
-3,74
-3,75
-3,76
-3,76
-3,77
-3,78
-3,78
-3,79
-3,79
-1,79
-49,79
-65,80
-65,81
-90,81
-106,82
-106,83
-107,83
-110,83
-131,83
-158,83
-194,84
-264,83
-356,81
-473,34
-749,33
-979,473
-1087,606
-1202,561
-1423,507
-1657,480
-1790,634
-1997,515
-2317,558
-2464,529
-2591,578
-2843,466
-3086,376
-3225,669
-3484,430
-3692,285
-3789,211
-3887,671
-4008,387
-4235,338
-4458,293
-4583,867
-4724,635
-5023,382
-5186,590
-5268,33
-5465,33
-5836,434
-6026,459
-6313,625
-6524,335
-6571,236
-6577,183
-6578,781
-6577,372
-6575,308
-6578,279
-6570,897
-6563,687
-6560,32
-6589,24
-6629,541
-6654,374
-6670,256
-6684,191
-6700,643
-6717,351
-6734,224
-6740,176
-6738,821
-6739,495
-6735,378
-6738,536
-6736,30
-6771,32
-6868,401
-6942,295
-7053,611
-7164,340
-7259,262
-7340,195
-7408,789
-7484,398
-7557,264
-7564,243
-7517,883
-7459,659
-7375,38
-7305,50
-7295,505
-7296,348
-7295,240
-7292,178
-7284,607
-7266,335
-7242,219
-7212,446
-7159,783
-7059,380
-6927,285
-6787,302
-6654,791
-6463,54
-6302,149
-6255,773
-6161,324
-6044,186
-6004,182
-5985,625
-5961,469
-5933,289
-5888,190
-5818,608
-5701,802
-5526,422
-5347,251
-5212,40
-5099,52
-5027,237
-4966,191
-4906,479
-4839,415
-4769,228
-4673,162
-4604,671
-4535,757
-4421,250
-4215,189
-3994,661
-3836,763
-3510,66
-3261,517
-3195,633
-3166,405
-3143,233
-3117,167
-3084,587
-3028,423
-2955,250
-2824,155
-2689,524
-2547,621
-2434,264
-2239,132
-1900,454
-1722,727
-1447,289
-1149,130
-966,685
-753,324
-299,99
64,40
241,59
203,59
38,58
-202,418
-250,527
-187,243
-50,29
24,47
-37,53
-126,377
-124,30
-124,27
-124,45
-124,50
-124,54
-124,57
-124,59
-124,61
-124,63
-124,65
-124,66
-124,67
-124,68
-124,69
-124,70
-124,70
-124,71
-124,72
-124,73
-124,74
-125,74
-125,75
-125,75
-125,76
-126,77
-126,77
-127,78
-126,78
-127,79
-127,80
-127,80
-127,80
-127,82
-127,81
-127,82
-128,83
-128,83
-127,83
-127,84
-127,84
-128,85
-127,85
-127,86
-127,86
-128,86
-127,87
-127,87
-127,88
-127,88
-127,89
-127,89
-127,90
-128,90
-127,90
-127,91
-127,91
-127,92
-127,91
-127,92
-127,93
-129,93
-129,93
-129,94
-128,94
-129,95
-129,95
-129,95
-129,95
-129,96
-129,96
-129,96
-129,97
-129,98
-129,97
-128,98
-129,98
-129,99
-129,99
-129,99
-129,100
-129,99
-129,100
-129,100
-129,101
-129,101
-129,101
-129,102
-129,102
-129,102
-129,102
-129,102
-129,103
-128,103
-129,103
-129,104
-129,104
-129,104
-129,105
-129,105
-129,105
-129,105
-129,106
-129,106
-129,106
-129,107
-129,107
-129,107
-129,107
-129,108
-129,108
-129,108
-129,108
-129,108
-129,108
-129,109
-128,109
-129,109
-129,110
-129,110
-129,110
-129,110
-129,111
-129,110
-129,111
-129,111
-129,111
-129,111
-129,112
-130,111
-129,112
-129,112
-128,112
-129,113
-129,113
-129,113
-129,113
-129,113
-129,114
-129,113
-129,114
-129,115
-129,114
-129,115
-129,115
-129,115
-129,115
-129,115
-129,116
-129,116
-129,116
-129,115
-129,116
-129,116
-129,117
-129,117
-129,116
-129,117
-129,117
-129,118
-129,118
-129,118
-129,117
-130,118
-129,118
-129,118
-129,118
-129,118
-129,118
-129,119
-129,119
-129,119
-129,119
-129,119
-129,119
-129,120
-129,120
-129,120
-129,120
-129,120
-129,121
-129,120
-129,120
-129,120
-129,121
-129,121
-129,121
-129,121
-129,121
-129,121
-129,121
-129,121
-129,122
-129,122
-129,122
-129,122
-129,122
-129,122
-129,123
-129,123
-129,123
-129,123
-129,123
-129,123
-129,123
-129,123
-129,123
-129,123
-130,123
-129,124
-129,123
-129,124
-129,124
-129,124
-129,124
-129,124
-130,124
-129,124
-129,125
-129,125
-129,124
-129,124
-129,125
-129,125
-129,124
-129,125
-129,125
-129,125
-129,125
-129,125
-129,125
-129,125
-129,126
-129,125
-129,125
-129,125
-129,126
-129,126
-129,126
-129,126
-129,126
-129,126
-129,126
-129,126
-129,126
-129,126
-129,127
-129,126
-129,126
-129,126
-129,127
-129,127
-129,126
-129,127
-129,127
-129,127
-129,127
-129,127
-129,127
-129,127
-129,127
-129,127
-129,127
-129,127
-129,127
-129,128
-129,127
-129,128
-129,128
-129,128
-129,128
-129,128
-129,128
-129,128
-129,128
-129,128
-129,128
-129,128
-129,128
-129,128
-129,128
-129,128
-129,128
-129,129
-129,128
-129,128
-129,129
-129,129
-129,128
-129,128
-129,129
-129,129
-129,129
-129,129
-129,129
-129,129
-129,129
-129,128
-129,129
-129,129
-129,129
-130,129
-129,129
-129,129
-129,129
-129,129
-129,129
-129,130
-129,129
-129,129
-129,130
-129,129
-129,130
-129,130
-129,130
-129,129
-129,130
-129,130
-129,130
-129,130
-129,130
-129,130
-129,130
-129,129
-129,130
-129,130
-129,130
-129,130
-130,130
-129,130
-129,130
-130,130
-129,130
-129,130
-129,130
-129,130
-129,130
-129,130
-129,131
-129,130
-130,130
-129,130
-129,130
-129,131
-129,130
-129,131
-129,130
-129,130
-129,131
-129,131
-129,131
-129,131
-129,130
-130,131
-129,131
-129,131
-129,130
-129,131
-129,131
-129,131
-129,131
-129,131
-128,131
-129,131
-129,131
-129,131
-129,131
-129,130
-129,131
-129,131
-129,130
-129,130
-129,131
-129,131
-129,131
-129,131
-129,131
-130,131
-129,131
-129,131
-129,131
-129,132
-130,131
-129,131
-129,131
-129,131
-129,131
-129,131
-129,132
-129,131
-129,131
-129,132
-129,131
-129,132
-129,131
-129,131
-129,132
-129,132
-129,132
-129,131
-129,132
-129,131
-129,132
-129,131
-129,132
-129,131
-129,132
-129,132
-129,131
-129,131
-129,132
-129,131
-129,132
-129,132
-129,132
-129,132
-129,132
-129,132
-129,131
-129,132
-129,132
-129,131
-129,132
-129,132
-129,132
-129,132
-129,132
-129,132
-129,132
-129,132
-129,132
-129,132
-129,132
-129,132
-129,132
-129,132
-129,132
-129,132
-129,132
-129,132
-129,132
-129,131
-129,132
-129,132
-129,132
-129,132
-129,132
-129,132
-129,132
-129,132
-129,132
-129,132
-129,132
-129,132
-129,132
-129,132
-129,132
-129,132
-129,133
-129,132
-129,132
-129,132
-129,131
-129,132
-129,132
-129,132
-129,133
-129,133
-129,132
-129,132
-129,132
-129,132
-129,132
-129,132
-129,132
-130,132
-129,132
-129,132
-129,132
-129,133
-129,132
-129,132
-129,133
-129,132
-130,132
-129,133
-129,132
-129,132
-129,132
-129,132
-129,133
-128,132
-129,132
-129,133
-129,133
-129,133
-129,132
-129,132
-129,132
-129,132
-129,132
-129,133
-129,133
-129,132
-129,133
-129,132
