position,current
2,0
2,0
1,0
1,0
1,0
2,0
1,0
2,0
3,0
3,0
3,0
3,0
3,0
3,0
3,0
3,0
3,0
3,0
3,0
3,0
3,0
3,0
3,0
3,0
3,0
3,0
3,0
4,0
6,0
10,0
12,0
17,0
23,0
30,0
35,0
40,0
49,0
62,0
77,0
101,0
136,0
184,0
240,0
304,135
363,136
452,136
501,136
542,135
584,136
628,136
679,136
745,136
846,136
954,137
1043,137
1147,141
1208,143
1273,143
1368,143
1545,144
1721,171
1840,165
1912,165
1983,165
2076,165
2211,174
2306,169
2332,174
2342,180
2355,186
2358,192
2358,198
2360,204
2358,253
2337,168
2336,171
2346,118
2438,114
2588,114
2720,119
2943,148
3163,141
3325,128
3413,137
3479,141
3536,145
3605,151
3708,151
3846,151
3978,164
3993,158
3993,165
3995,170
3993,180
3992,186
3991,193
3995,150
4036,128
4141,151
4294,149
4478,149
4616,151
4655,149
4669,153
4689,161
4703,166
4708,168
4706,178
4705,182
4705,189
4707,195
4708,203
4704,148
4724,129
4775,146
4819,150
4878,150
4972,150
5099,150
5187,152
5215,156
5228,156
5250,167
5260,174
5263,181
5263,183
5262,190
5269,197
5263,208
5263,206
5265,134
5341,133
5375,150
5377,146
5379,154
5376,159
5359,159
5331,159
5258,170
5217,172
5127,174
4988,176
4939,176
4900,176
4844,176
4782,140
4668,168
4304,149
4090,176
3969,183
3816,133
3771,133
3746,133
3697,133
3620,133
3519,125
3413,133
3308,139
3144,139
3033,139
2990,134
2882,150
2746,150
2653,151
2605,151
2573,151
2540,151
2502,151
2430,125
2352,149
2154,159
2003,154
1950,154
1931,154
1907,154
1869,154
1825,154
1756,154
1650,172
1443,172
1371,172
1369,172
1367,172
1365,172
1364,172
1364,172
1364,172
1364,172
1364,172
1359,172
1339,172
1315,172
1296,172
1280,172
1267,172
1254,172
1246,172
1242,172
1236,172
1227,172
1217,172
1206,172
1192,179
1127,174
999,168
874,168
814,168
802,168
761,168
712,168
658,168
611,168
568,165
491,157
313,162
315,163
312,159
314,141
313,136
315,133
324,132
342,133
365,133
425,133
456,133
489,134
521,134
555,135
598,135
651,135
723,135
826,135
940,137
1031,136
1138,141
1203,144
1265,144
1349,144
1499,144
1694,171
1815,166
1886,166
1957,166
2045,166
2158,167
2249,171
2290,169
2338,183
2395,190
2456,189
2586,189
2667,189
2733,192
2747,192
2747,197
2754,206
2786,240
2809,216
2835,215
2889,135
3087,138
3257,138
3334,145
3370,151
3392,158
3419,165
3460,175
3508,184
3581,187
3693,185
3845,185
3969,194
3971,187
3975,197
3975,202
3974,208
3978,209
3999,134
4084,140
4204,158
4332,158
4447,158
4537,148
4626,153
4663,166
4701,171
4739,175
4779,185
4804,186
4854,186
4974,186
5110,133
5147,188
5145,196
5148,201
5150,208
5163,213
5209,133
5345,140
5425,156
5486,156
5547,156
5625,156
5757,150
5872,160
5953,167
6063,170
6155,170
6251,170
6371,172
6447,169
6466,174
6472,180
6470,186
6472,191
6471,195
6448,200
6379,199
6303,134
6285,134
6283,134
6269,134
6245,134
6216,134
6184,134
6154,134
6125,134
6093,134
6061,134
6028,134
5954,124
5870,126
5710,138
5587,138
5533,138
5500,138
5474,138
5447,138
5420,138
5386,137
5321,148
5189,148
5061,150
5030,150
5028,150
5014,150
4980,150
4938,150
4888,150
4831,150
4783,144
4710,155
4536,160
4383,158
4365,158
4342,158
4279,158
4209,158
4128,167
4014,162
3840,171
3771,171
3773,171
3768,171
3746,171
3706,171
3658,171
3605,171
3529,195
3394,183
3270,187
3228,187
3233,187
3227,187
3203,187
3139,187
3081,187
2991,127
2842,133
2751,130
2720,157
2698,153
2684,153
2682,153
2673,153
2659,153
2644,153
2629,153
2614,153
2597,153
2581,153
2570,153
2558,153
2543,153
2524,153
2504,153
2453,129
2427,129
2382,142
2264,159
2117,152
2035,159
2008,159
1977,159
1939,159
1890,159
1825,159
1713,157
1509,160
1369,160
1359,160
1351,160
1329,160
1306,160
1284,160
1263,160
1245,160
1231,160
1219,160
1207,160
1189,171
1131,168
1042,167
1006,164
951,160
871,152
815,152
761,152
697,152
625,152
569,146
504,135
438,131
353,130
312,130
247,130
172,130
95,130
32,130
-15,130
-56,130
-87,130
-105,130
-115,130
-122,130
-128,130
-133,130
-138,130
-144,130
-148,130
-152,130
-151,130
-151,130
-152,130
-152,130
-152,130
-145,130
-131,130
-111,130
-80,130
-23,130
96,130
264,130
407,139
487,139
544,136
596,137
650,137
713,137
798,137
914,137
1019,137
1135,143
1214,144
1290,144
1389,144
1532,140
1665,159
1743,168
1838,169
1925,169
2020,169
2112,145
2181,178
2217,170
2254,186
2279,188
2295,201
2296,197
2298,204
2297,210
2295,213
2299,215
2308,138
2396,137
2516,137
2600,137
2674,137
2760,155
2857,162
2979,170
3116,170
3292,135
3390,175
3426,176
3435,178
3452,187
3468,185
3474,195
3474,200
3475,208
3472,210
3475,152
3530,133
3673,136
3803,136
3918,144
3981,154
4027,160
4088,173
4161,183
4264,173
4475,173
4638,181
4654,178
4655,188
4666,191
4669,195
4669,200
4670,203
4668,184
4694,133
4753,143
4805,154
4852,154
4938,154
5077,154
5208,164
5326,167
5401,176
5475,176
5607,176
5807,176
5881,173
5906,189
5937,183
5962,193
5959,196
5957,200
5959,207
5959,183
5998,129
6022,129
6041,129
6048,129
6049,129
6051,129
6052,129
6053,129
6054,129
6054,129
6043,129
6019,129
5955,124
5891,141
5727,143
5587,140
5536,140
5507,140
5477,140
5442,140
5400,140
5336,145
5201,148
5034,152
4952,152
4948,152
4937,152
4908,152
4865,152
4820,152
4782,148
4713,158
4551,161
4432,163
4422,163
4401,163
4332,163
4238,163
4153,165
4034,168
3858,173
3798,173
3799,173
3786,173
3744,173
3678,173
3603,173
3499,181
3351,184
3222,181
3205,181
3199,181
3146,181
3094,181
2989,122
2834,129
2730,128
2677,141
2664,141
2657,141
2644,141
2624,141
2599,141
2570,141
2545,141
2523,141
2501,141
2450,141
2424,141
2381,139
2285,155
2166,154
2076,157
2018,157
1980,157
1938,157
1880,157
1817,157
1721,161
1537,157
1348,159
1297,159
1279,159
1254,159
1226,159
1193,141
1117,157
974,160
855,154
808,154
771,154
722,154
659,154
600,154
532,153
424,148
205,260
-27,260
-79,260
-106,260
-135,260
-171,260
-216,260
-268,260
-352,260
-404,260
-456,260
-477,260
-478,260
-478,260
-478,260
-478,260
-477,260
-475,260
-465,260
-449,260
-434,260
-420,260
-403,260
-380,260
-355,260
-301,260
-273,260
-243,260
-212,260
-179,260
-139,260
-93,260
-34,260
52,260
172,260
275,260
344,153
411,134
415,118
442,107
490,107
526,107
554,107
581,107
605,107
632,107
662,107
698,107
747,107
825,107
916,110
995,114
1058,127
1148,133
1188,135
1225,138
1294,138
1391,138
1509,116
1595,144
1608,146
1625,154
1651,159
1664,165
1664,171
1670,178
1665,184
1664,196
1668,135
1733,125
1852,127
1922,127
1976,127
2039,127
2133,130
2254,150
2339,151
2406,159
2520,159
2627,159
2726,148
2792,161
2815,159
2858,177
2919,182
2979,190
3029,187
3162,187
3308,132
3349,189
3353,200
3347,203
3352,135
3420,134
3563,155
3717,152
3832,152
3949,285
3952,121
3988,132
4042,135
4094,142
4127,146
4151,154
4172,155
4182,188
4182,200
4181,207
4180,181
4233,119
4443,119
4620,121
4693,130
4737,137
4789,147
4860,147
5008,147
5198,153
5310,159
5342,150
5352,162
5351,166
5352,178
5351,179
5347,186
5325,192
5259,199
5246,124
5253,129
5250,141
5227,149
5172,143
5060,142
4975,142
4949,142
4921,142
4874,142
4814,142
4749,148
4610,136
4285,142
4147,143
4049,154
3900,152
3669,152
3542,168
3393,165
3204,158
2891,141
2691,169
2569,169
2513,169
2462,169
2446,169
2420,169
2347,160
2143,123
2018,123
1951,123
1904,123
1864,123
1834,123
1806,123
1748,138
1680,142
1546,148
1433,148
1407,148
1391,148
1360,148
1317,148
1281,148
1252,148
1228,148
1205,148
1172,151
1100,145
984,148
871,147
796,147
753,147
706,147
653,147
603,147
548,150
466,127
327,126
167,125
34,125
-39,125
-90,125
-121,125
-141,125
-154,125
-162,125
-165,125
-165,125
-164,125
-164,125
-164,125
-164,125
-164,125
-162,125
-154,125
-141,125
-122,125
-95,125
-53,125
22,125
163,125
302,135
425,136
498,135
554,134
614,135
695,135
819,135
975,138
1127,141
1234,145
1331,145
1482,145
1697,144
1845,159
1921,159
1997,159
2101,137
2222,168
2315,168
2381,175
2459,178
2600,178
2703,140
2808,182
2866,184
2906,192
2973,201
3059,208
3237,138
3359,206
3398,204
3395,206
3396,208
3402,149
3474,138
3665,149
3835,149
3963,158
4006,157
4042,166
4088,175
4145,181
4217,181
4391,181
4617,171
4689,190
4692,189
4695,195
4706,199
4704,206
4707,212
4715,134
4781,135
4852,145
4923,145
5019,145
5145,148
5223,153
5307,156
5363,169
5402,172
5445,172
5513,172
5579,172
5638,172
5692,172
5722,167
5709,176
5709,184
5705,188
5697,192
5704,192
5663,192
5671,192
5670,192
5666,192
5651,192
5624,192
5592,192
5556,192
5516,192
5482,192
5452,192
5421,192
5373,172
5180,162
4906,167
4824,167
4789,153
4687,155
4413,125
4204,125
4083,125
3965,129
3824,129
3727,129
3647,129
3563,132
3444,141
3313,133
3091,139
2900,138
2770,150
2664,149
2611,149
2589,149
2563,149
2522,149
2440,119
2346,150
2124,153
1962,151
1910,151
1892,151
1866,151
1818,151
1708,165
1452,168
1326,168
1312,168
1301,168
1280,168
1254,168
1223,168
1189,151
1098,176
935,169
836,165
