position,current
-2,0
-1,0
0,0
2,0
7,0
18,0
62,0
77,0
93,0
112,0
137,0
168,0
209,0
264,0
335,0
438,0
571,0
679,0
791,0
860,0
915,0
972,0
1033,0
1103,0
1204,0
1303,0
1378,0
1464,0
1517,0
1563,0
1609,0
1664,0
1736,0
1847,0
1999,0
2113,0
2231,0
2292,0
2346,0
2409,0
2494,0
2615,0
2723,240
2732,124
2772,139
2812,148
2867,152
2880,162
2883,155
2883,166
2883,173
2883,186
2884,185
2883,193
2888,201
2881,201
2878,146
2895,127
2921,142
2928,144
2928,149
2929,158
2929,162
2930,173
2920,171
2897,176
2859,180
2766,182
2630,178
2535,178
2498,178
2439,178
2364,178
2294,178
2195,178
2003,178
1777,178
1658,178
1582,178
1503,178
1374,178
1211,178
1056,178
951,178
872,178
776,178
622,178
431,178
314,178
241,178
191,178
137,178
66,178
-40,178
-147,178
-262,178
-361,178
-442,178
-498,178
-554,178
-629,178
-750,178
-896,178
-1012,178
-1079,178
-1135,178
-1178,178
-1214,178
-1253,178
-1301,178
-1322,280
-1321,211
-1318,821
-1318,235
-1318,755
-1317,55
-1322,205
-1320,815
-1322,391
-1323,230
-1327,177
-1332,797
-1338,367
-1348,215
-1388,174
-1403,258
-1416,95
-1422,801
-1460,348
-1519,246
-1536,682
-1564,715
-1600,162
-1643,769
-1676,385
-1691,246
-1708,166
-1713,761
-1712,429
-1709,471
-1708,250
-1670,677
-1638,787
-1637,288
-1617,198
-1559,383
-1483,226
-1408,133
-1288,286
-1232,286
-1209,286
-1176,286
-1124,286
-1036,286
-872,286
-713,286
-589,286
-523,286
-468,286
-403,286
-322,286
-206,286
-73,286
58,286
138,286
195,286
259,286
347,286
487,286
634,286
762,286
843,286
906,286
968,286
1038,286
1128,286
1252,286
1354,286
1457,286
1522,286
1574,286
1626,286
1682,286
1749,286
1843,286
1961,286
2058,286
2162,286
2227,286
2273,286
2314,286
2360,286
2408,286
2465,286
2543,286
2640,286
2713,122
2715,135
2715,141
2717,153
2721,162
2726,105
2786,107
2876,122
2914,126
2937,131
2957,134
2981,140
3002,147
3020,155
3028,158
3033,166
3033,172
3032,184
3031,187
3025,121
3033,117
3035,135
3031,136
3012,139
2983,144
2940,144
2871,146
2737,151
2565,150
2479,150
2410,150
2341,150
2276,150
2184,150
2029,150
1838,150
1722,150
1649,150
1603,150
1562,150
1512,150
1456,150
1371,150
1274,150
1168,150
1079,150
1001,150
937,150
886,150
822,150
713,150
600,150
438,150
329,150
251,150
195,150
136,150
57,150
-64,150
-200,150
-330,150
-433,150
-506,150
-583,150
-712,150
-872,150
-1019,150
-1098,150
-1158,150
-1204,150
-1252,150
-1311,150
-1344,748
-1343,723
-1340,428
-1339,228
-1344,173
-1341,777
-1386,473
-1391,250
-1408,185
-1438,779
-1505,513
-1567,265
-1639,199
-1693,785
-1737,529
-1773,413
-1800,234
-1815,178
-1816,791
-1815,471
-1812,262
-1816,196
-1814,801
-1812,509
-1801,264
-1793,200
-1764,308
-1719,210
-1614,642
-1450,611
-1289,279
-1210,279
-1164,279
-1104,279
-980,279
-759,279
-580,279
-481,279
-371,279
-190,279
-1,279
144,279
231,279
336,279
515,279
684,279
813,279
881,279
929,279
974,279
1015,279
1059,279
1114,279
1187,279
1260,279
1325,279
1381,279
1462,279
1514,279
1559,279
1606,279
1661,279
1729,279
1830,279
1966,279
2076,279
2188,279
2249,279
2293,279
2337,279
2387,279
2447,279
2528,279
2635,279
2718,123
2719,133
2727,144
2718,153
2722,104
2768,101
2817,116
2878,117
2893,122
2900,125
2906,133
2912,137
2915,144
2916,150
2916,158
2919,163
2917,174
2917,183
2917,125
2947,118
2941,112
2945,110
2946,113
2946,120
2936,121
2908,123
2868,128
2783,131
2686,135
2574,135
2536,135
2479,135
2405,135
2334,135
2260,135
2153,135
1979,135
1810,135
1706,135
1633,135
1579,135
1515,135
1405,135
1288,135
1137,135
1020,135
934,135
863,135
771,135
623,135
444,135
323,135
244,135
189,135
133,135
59,135
-56,135
-176,135
-296,135
-393,135
-467,135
-522,135
-591,135
-705,135
-837,135
-978,135
-1063,135
-1131,135
-1183,135
-1229,135
-1288,135
-1347,434
-1348,789
-1346,364
-1345,225
-1383,379
-1390,685
-1405,803
-1427,298
-1481,237
-1554,658
-1621,807
-1677,325
-1727,240
-1782,630
-1829,659
-1861,348
-1889,236
-1916,561
-1952,779
-1980,372
-1991,231
-1992,517
-1992,819
-1991,396
-1991,244
-1991,387
-1991,823
-1990,356
-1989,254
-1989,499
-1982,302
-1977,205
-1971,802
-1964,518
-1958,309
-1956,210
-1953,797
-1948,543
-1944,316
-1944,216
-1941,819
-1935,589
-1931,288
-1930,218
-1926,817
-1920,614
-1917,292
-1919,226
-1917,815
-1914,655
-1913,298
-1916,227
-1915,811
-1916,495
-1913,306
-1916,207
-1916,807
-1916,524
-1915,308
-1922,214
-1924,805
-1925,543
-1923,318
-1929,214
-1928,796
-1927,579
-1927,284
-1929,218
-1928,821
-1926,623
-1927,288
-1930,222
-1930,815
-1928,669
-1929,302
-1932,230
-1932,811
-1929,715
-1925,304
-1918,188
-1904,803
-1872,516
-1816,543
-1711,256
-1538,171
-1328,751
-1202,201
-1139,201
-1072,201
-933,201
-717,201
-561,201
-470,201
-378,201
-263,201
-111,201
12,201
129,201
191,201
252,201
326,201
431,201
557,201
649,201
714,201
800,201
844,201
876,201
904,201
935,201
963,201
984,201
1004,201
1029,201
1060,201
1101,201
1157,201
1221,201
1283,201
1344,201
1401,201
1489,201
1537,201
1579,201
1629,201
1686,201
1759,201
1867,201
1999,201
2102,201
2213,201
2276,201
2331,201
2394,201
2473,201
2585,201
2705,105
2732,144
2720,160
2734,103
2800,103
2887,116
2909,125
2911,120
2912,127
2912,131
2912,140
2912,139
2913,152
2911,159
2901,169
2886,174
2865,181
2815,119
2857,116
2859,129
2859,135
2854,138
2810,146
2786,146
2751,155
2692,158
2658,158
2661,158
2660,158
2661,158
2661,158
2670,158
2688,126
2690,171
2688,169
2690,185
2695,192
2690,167
2691,178
2730,128
2818,139
2909,149
2930,149
2946,158
2964,162
2989,169
3020,179
3035,180
3043,184
3044,193
3043,198
3041,202
3040,208
3047,128
3085,129
3114,145
3114,149
3116,154
3115,159
3114,167
3113,171
3110,179
3109,185
3097,188
3081,192
3059,197
3037,202
3016,130
3025,126
3024,145
3020,149
3014,155
3004,159
2990,168
2964,166
2914,167
2818,173
2738,178
2609,180
2578,180
2572,180
2542,180
2506,180
2470,180
2431,180
2396,180
2369,180
2348,180
2330,180
2312,180
2292,180
2262,180
2223,180
2178,180
2091,180
1987,180
1846,180
1743,180
1666,180
1609,180
1556,180
1481,180
1356,180
1183,180
1027,180
916,180
808,180
612,180
376,180
247,180
161,180
16,180
-178,180
-384,180
-511,180
-686,180
-946,180
-1118,180
-1207,180
-1291,180
-1395,319
-1395,234
-1394,774
-1396,727
-1393,232
-1400,692
-1409,807
-1423,338
-1447,229
-1478,644
-1512,581
-1539,646
-1537,322
-1537,203
-1537,518
-1538,719
-1537,344
-1537,211
-1538,389
-1532,249
-1538,165
-1537,303
-1536,201
-1537,407
-1529,232
-1522,176
-1517,799
-1508,421
-1495,240
-1491,682
-1483,286
-1482,193
-1478,734
-1478,509
-1477,287
-1476,195
-1476,710
-1475,535
-1465,297
-1456,189
-1438,671
-1421,524
-1387,276
-1312,222
-1295,222
-1296,222
-1296,222
-1296,222
-1297,222
-1297,222
-1296,222
-1294,222
-1294,222
-1294,222
-1294,222
-1294,222
-1293,222
-1293,222
-1293,222
-1294,222
-1301,222
-1310,222
-1319,160
-1317,250
-1315,228
-1315,47
-1315,595
-1315,704
-1315,216
-1320,473
-1320,240
-1326,177
-1329,768
-1332,501
-1329,240
-1334,174
-1334,750
-1333,503
-1332,232
-1336,174
-1335,739
-1334,203
-1336,469
-1334,212
-1336,163
-1336,761
-1335,422
-1334,222
-1336,165
-1336,756
-1337,450
-1333,225
-1336,165
-1336,755
-1336,470
-1333,224
-1336,149
-1330,742
-1312,276
-1308,276
-1308,276
-1307,276
-1295,276
-1272,276
-1238,276
-1190,276
-1118,276
-990,276
-788,276
-626,276
-537,276
-462,276
-372,276
-247,276
-86,276
63,276
151,276
223,276
308,276
440,276
602,276
708,276
817,276
876,276
923,276
968,276
1008,276
1043,276
1075,276
1111,276
1151,276
1183,276
1209,276
1241,276
1281,276
1325,276
1366,276
1406,276
1476,276
1512,276
1547,276
1591,276
1649,276
1725,276
1849,276
2020,276
2166,276
2253,276
2314,276
2379,276
2456,276
2565,276
2694,96
2742,133
2744,138
2743,149
2743,157
2742,169
2745,112
2795,109
2880,125
2905,123
2918,130
2929,135
2940,144
2948,146
2953,153
2959,162
2954,166
2954,173
2950,179
2937,187
2909,130
2917,120
2923,134
2923,137
2924,143
2923,149
2922,154
2916,158
2902,165
2883,169
2862,177
2809,186
2785,192
2751,198
2694,157
2688,121
2717,125
2718,138
2716,146
2717,149
2716,158
2717,163
2716,167
2715,171
2713,182
2709,188
2694,192
2685,170
2685,170
2686,170
2667,198
2664,198
2664,198
2664,198
2657,198
2642,198
2622,198
2597,198
2570,198
2537,198
2498,198
2451,198
2397,198
2348,198
2301,198
2240,198
2154,198
2017,198
1845,198
1724,198
1641,198
1577,198
1498,198
1363,198
1174,198
1017,198
912,198
812,198
646,198
427,198
289,198
207,198
133,198
4,198
-150,198
-330,198
-454,198
-548,198
-701,198
-903,198
-1065,198
-1158,198
-1223,198
-1298,198
-1388,822
-1387,338
-1384,242
-1386,780
-1388,819
-1387,644
-1387,296
-1394,226
-1401,356
-1409,366
-1423,224
-1452,617
-1497,735
-1518,350
-1522,211
-1522,525
-1524,747
-1524,348
-1523,213
-1524,725
-1524,751
-1523,286
-1523,208
-1522,699
-1525,779
-1523,296
-1523,216
-1524,791
-1525,407
-1521,228
-1520,170
-1510,785
-1495,343
-1470,720
-1439,484
-1399,259
-1306,147
-1267,147
-1268,147
-1269,147
-1269,147
